CameraIntrinsics:
 fu: 371.16466
 fv: 369.40564
 u0: 715.54666
 v0: 530.53492
